3,1|945,345|0,1402719461.664562
0,3|135,805|0,1402719461.664714
1,3|405,805|0,1402719461.664615
3,3|945,805|0,1402719461.664660
3,2|945,575|0,1402719461.664752
2,3|675,805|0,1402719461.664786
0,2|135,575|0,1402719461.664820
1,2|405,575|0,1402719461.664854
2,0|675,115|0,1402719461.665078
3,0|945,115|0,1402719461.665077
0,1|135,345|0,1402719461.665223
0,0|135,115|0,1402719461.665351
2,1|675,345|0,1402719461.665478
1,1|405,345|0,1402719461.665606
2,2|675,575|0,1402719461.665734
1,0|405,115|0,1402719461.665879
0,0|135,115|1,1402719461.666215
0,2|135,573|1,1402719461.666260
1,3|403,805|1,1402719461.666238
0,3|135,805|1,1402719461.666276
1,2|403,573|1,1402719461.666308
2,0|673,115|1,1402719461.666444
0,1|135,343|1,1402719461.666549
3,1|945,343|1,1402719461.666666
3,0|945,115|1,1402719461.666695
3,3|945,805|1,1402719461.666679
2,3|673,805|1,1402719461.666712
3,2|945,573|1,1402719461.666735
1,1|403,343|1,1402719461.666857
2,2|673,573|1,1402719461.666963
2,1|673,343|1,1402719461.667236
1,0|403,115|1,1402719461.667785
